.\pos\0.jpg 1 0 0 100 100
.\pos\1.jpg 1 0 0 100 100
.\pos\10.jpg 1 0 0 100 100
.\pos\100.jpg 1 0 0 100 100
.\pos\101.jpg 1 0 0 100 100
.\pos\102.jpg 1 0 0 100 100
.\pos\103.jpg 1 0 0 100 100
.\pos\104.jpg 1 0 0 100 100
.\pos\105.jpg 1 0 0 100 100
.\pos\106.jpg 1 0 0 100 100
.\pos\107.jpg 1 0 0 100 100
.\pos\108.jpg 1 0 0 100 100
.\pos\109.jpg 1 0 0 100 100
.\pos\11.jpg 1 0 0 100 100
.\pos\110.jpg 1 0 0 100 100
.\pos\111.jpg 1 0 0 100 100
.\pos\112.jpg 1 0 0 100 100
.\pos\113.jpg 1 0 0 100 100
.\pos\114.jpg 1 0 0 100 100
.\pos\115.jpg 1 0 0 100 100
.\pos\116.jpg 1 0 0 100 100
.\pos\117.jpg 1 0 0 100 100
.\pos\118.jpg 1 0 0 100 100
.\pos\119.jpg 1 0 0 100 100
.\pos\12.jpg 1 0 0 100 100
.\pos\120.jpg 1 0 0 100 100
.\pos\121.jpg 1 0 0 100 100
.\pos\122.jpg 1 0 0 100 100
.\pos\123.jpg 1 0 0 100 100
.\pos\124.jpg 1 0 0 100 100
.\pos\125.jpg 1 0 0 100 100
.\pos\126.jpg 1 0 0 100 100
.\pos\127.jpg 1 0 0 100 100
.\pos\128.jpg 1 0 0 100 100
.\pos\129.jpg 1 0 0 100 100
.\pos\13.jpg 1 0 0 100 100
.\pos\130.jpg 1 0 0 100 100
.\pos\131.jpg 1 0 0 100 100
.\pos\132.jpg 1 0 0 100 100
.\pos\133.jpg 1 0 0 100 100
.\pos\134.jpg 1 0 0 100 100
.\pos\135.jpg 1 0 0 100 100
.\pos\136.jpg 1 0 0 100 100
.\pos\137.jpg 1 0 0 100 100
.\pos\138.jpg 1 0 0 100 100
.\pos\139.jpg 1 0 0 100 100
.\pos\14.jpg 1 0 0 100 100
.\pos\140.jpg 1 0 0 100 100
.\pos\141.jpg 1 0 0 100 100
.\pos\142.jpg 1 0 0 100 100
.\pos\143.jpg 1 0 0 100 100
.\pos\144.jpg 1 0 0 100 100
.\pos\145.jpg 1 0 0 100 100
.\pos\146.jpg 1 0 0 100 100
.\pos\147.jpg 1 0 0 100 100
.\pos\148.jpg 1 0 0 100 100
.\pos\149.jpg 1 0 0 100 100
.\pos\15.jpg 1 0 0 100 100
.\pos\150.jpg 1 0 0 100 100
.\pos\151.jpg 1 0 0 100 100
.\pos\152.jpg 1 0 0 100 100
.\pos\153.jpg 1 0 0 100 100
.\pos\154.jpg 1 0 0 100 100
.\pos\155.jpg 1 0 0 100 100
.\pos\156.jpg 1 0 0 100 100
.\pos\157.jpg 1 0 0 100 100
.\pos\158.jpg 1 0 0 100 100
.\pos\159.jpg 1 0 0 100 100
.\pos\16.jpg 1 0 0 100 100
.\pos\160.jpg 1 0 0 100 100
.\pos\161.jpg 1 0 0 100 100
.\pos\162.jpg 1 0 0 100 100
.\pos\163.jpg 1 0 0 100 100
.\pos\164.jpg 1 0 0 100 100
.\pos\165.jpg 1 0 0 100 100
.\pos\166.jpg 1 0 0 100 100
.\pos\167.jpg 1 0 0 100 100
.\pos\168.jpg 1 0 0 100 100
.\pos\169.jpg 1 0 0 100 100
.\pos\17.jpg 1 0 0 100 100
.\pos\170.jpg 1 0 0 100 100
.\pos\171.jpg 1 0 0 100 100
.\pos\172.jpg 1 0 0 100 100
.\pos\173.jpg 1 0 0 100 100
.\pos\174.jpg 1 0 0 100 100
.\pos\175.jpg 1 0 0 100 100
.\pos\176.jpg 1 0 0 100 100
.\pos\177.jpg 1 0 0 100 100
.\pos\178.jpg 1 0 0 100 100
.\pos\179.jpg 1 0 0 100 100
.\pos\18.jpg 1 0 0 100 100
.\pos\180.jpg 1 0 0 100 100
.\pos\181.jpg 1 0 0 100 100
.\pos\182.jpg 1 0 0 100 100
.\pos\183.jpg 1 0 0 100 100
.\pos\184.jpg 1 0 0 100 100
.\pos\185.jpg 1 0 0 100 100
.\pos\186.jpg 1 0 0 100 100
.\pos\187.jpg 1 0 0 100 100
.\pos\188.jpg 1 0 0 100 100
.\pos\189.jpg 1 0 0 100 100
.\pos\19.jpg 1 0 0 100 100
.\pos\190.jpg 1 0 0 100 100
.\pos\191.jpg 1 0 0 100 100
.\pos\192.jpg 1 0 0 100 100
.\pos\193.jpg 1 0 0 100 100
.\pos\194.jpg 1 0 0 100 100
.\pos\195.jpg 1 0 0 100 100
.\pos\196.jpg 1 0 0 100 100
.\pos\197.jpg 1 0 0 100 100
.\pos\198.jpg 1 0 0 100 100
.\pos\199.jpg 1 0 0 100 100
.\pos\2.jpg 1 0 0 100 100
.\pos\20.jpg 1 0 0 100 100
.\pos\200.jpg 1 0 0 100 100
.\pos\201.jpg 1 0 0 100 100
.\pos\202.jpg 1 0 0 100 100
.\pos\203.jpg 1 0 0 100 100
.\pos\204.jpg 1 0 0 100 100
.\pos\205.jpg 1 0 0 100 100
.\pos\206.jpg 1 0 0 100 100
.\pos\207.jpg 1 0 0 100 100
.\pos\208.jpg 1 0 0 100 100
.\pos\209.jpg 1 0 0 100 100
.\pos\21.jpg 1 0 0 100 100
.\pos\210.jpg 1 0 0 100 100
.\pos\211.jpg 1 0 0 100 100
.\pos\212.jpg 1 0 0 100 100
.\pos\213.jpg 1 0 0 100 100
.\pos\214.jpg 1 0 0 100 100
.\pos\215.jpg 1 0 0 100 100
.\pos\216.jpg 1 0 0 100 100
.\pos\217.jpg 1 0 0 100 100
.\pos\218.jpg 1 0 0 100 100
.\pos\219.jpg 1 0 0 100 100
.\pos\22.jpg 1 0 0 100 100
.\pos\220.jpg 1 0 0 100 100
.\pos\221.jpg 1 0 0 100 100
.\pos\222.jpg 1 0 0 100 100
.\pos\223.jpg 1 0 0 100 100
.\pos\224.jpg 1 0 0 100 100
.\pos\225.jpg 1 0 0 100 100
.\pos\226.jpg 1 0 0 100 100
.\pos\227.jpg 1 0 0 100 100
.\pos\228.jpg 1 0 0 100 100
.\pos\229.jpg 1 0 0 100 100
.\pos\23.jpg 1 0 0 100 100
.\pos\230.jpg 1 0 0 100 100
.\pos\231.jpg 1 0 0 100 100
.\pos\232.jpg 1 0 0 100 100
.\pos\233.jpg 1 0 0 100 100
.\pos\234.jpg 1 0 0 100 100
.\pos\235.jpg 1 0 0 100 100
.\pos\236.jpg 1 0 0 100 100
.\pos\237.jpg 1 0 0 100 100
.\pos\238.jpg 1 0 0 100 100
.\pos\239.jpg 1 0 0 100 100
.\pos\24.jpg 1 0 0 100 100
.\pos\240.jpg 1 0 0 100 100
.\pos\241.jpg 1 0 0 100 100
.\pos\242.jpg 1 0 0 100 100
.\pos\243.jpg 1 0 0 100 100
.\pos\244.jpg 1 0 0 100 100
.\pos\245.jpg 1 0 0 100 100
.\pos\246.jpg 1 0 0 100 100
.\pos\247.jpg 1 0 0 100 100
.\pos\248.jpg 1 0 0 100 100
.\pos\249.jpg 1 0 0 100 100
.\pos\25.jpg 1 0 0 100 100
.\pos\250.jpg 1 0 0 100 100
.\pos\251.jpg 1 0 0 100 100
.\pos\252.jpg 1 0 0 100 100
.\pos\253.jpg 1 0 0 100 100
.\pos\254.jpg 1 0 0 100 100
.\pos\255.jpg 1 0 0 100 100
.\pos\256.jpg 1 0 0 100 100
.\pos\257.jpg 1 0 0 100 100
.\pos\258.jpg 1 0 0 100 100
.\pos\259.jpg 1 0 0 100 100
.\pos\26.jpg 1 0 0 100 100
.\pos\260.jpg 1 0 0 100 100
.\pos\261.jpg 1 0 0 100 100
.\pos\262.jpg 1 0 0 100 100
.\pos\263.jpg 1 0 0 100 100
.\pos\264.jpg 1 0 0 100 100
.\pos\265.jpg 1 0 0 100 100
.\pos\266.jpg 1 0 0 100 100
.\pos\267.jpg 1 0 0 100 100
.\pos\268.jpg 1 0 0 100 100
.\pos\269.jpg 1 0 0 100 100
.\pos\27.jpg 1 0 0 100 100
.\pos\270.jpg 1 0 0 100 100
.\pos\271.jpg 1 0 0 100 100
.\pos\272.jpg 1 0 0 100 100
.\pos\273.jpg 1 0 0 100 100
.\pos\274.jpg 1 0 0 100 100
.\pos\275.jpg 1 0 0 100 100
.\pos\276.jpg 1 0 0 100 100
.\pos\277.jpg 1 0 0 100 100
.\pos\278.jpg 1 0 0 100 100
.\pos\279.jpg 1 0 0 100 100
.\pos\28.jpg 1 0 0 100 100
.\pos\29.jpg 1 0 0 100 100
.\pos\3.jpg 1 0 0 100 100
.\pos\30.jpg 1 0 0 100 100
.\pos\31.jpg 1 0 0 100 100
.\pos\32.jpg 1 0 0 100 100
.\pos\33.jpg 1 0 0 100 100
.\pos\34.jpg 1 0 0 100 100
.\pos\35.jpg 1 0 0 100 100
.\pos\36.jpg 1 0 0 100 100
.\pos\37.jpg 1 0 0 100 100
.\pos\38.jpg 1 0 0 100 100
.\pos\39.jpg 1 0 0 100 100
.\pos\4.jpg 1 0 0 100 100
.\pos\40.jpg 1 0 0 100 100
.\pos\41.jpg 1 0 0 100 100
.\pos\42.jpg 1 0 0 100 100
.\pos\43.jpg 1 0 0 100 100
.\pos\44.jpg 1 0 0 100 100
.\pos\45.jpg 1 0 0 100 100
.\pos\46.jpg 1 0 0 100 100
.\pos\47.jpg 1 0 0 100 100
.\pos\48.jpg 1 0 0 100 100
.\pos\49.jpg 1 0 0 100 100
.\pos\5.jpg 1 0 0 100 100
.\pos\50.jpg 1 0 0 100 100
.\pos\51.jpg 1 0 0 100 100
.\pos\52.jpg 1 0 0 100 100
.\pos\53.jpg 1 0 0 100 100
.\pos\54.jpg 1 0 0 100 100
.\pos\55.jpg 1 0 0 100 100
.\pos\56.jpg 1 0 0 100 100
.\pos\57.jpg 1 0 0 100 100
.\pos\58.jpg 1 0 0 100 100
.\pos\59.jpg 1 0 0 100 100
.\pos\6.jpg 1 0 0 100 100
.\pos\60.jpg 1 0 0 100 100
.\pos\61.jpg 1 0 0 100 100
.\pos\62.jpg 1 0 0 100 100
.\pos\63.jpg 1 0 0 100 100
.\pos\64.jpg 1 0 0 100 100
.\pos\65.jpg 1 0 0 100 100
.\pos\66.jpg 1 0 0 100 100
.\pos\67.jpg 1 0 0 100 100
.\pos\68.jpg 1 0 0 100 100
.\pos\69.jpg 1 0 0 100 100
.\pos\7.jpg 1 0 0 100 100
.\pos\70.jpg 1 0 0 100 100
.\pos\71.jpg 1 0 0 100 100
.\pos\72.jpg 1 0 0 100 100
.\pos\73.jpg 1 0 0 100 100
.\pos\74.jpg 1 0 0 100 100
.\pos\75.jpg 1 0 0 100 100
.\pos\76.jpg 1 0 0 100 100
.\pos\77.jpg 1 0 0 100 100
.\pos\78.jpg 1 0 0 100 100
.\pos\79.jpg 1 0 0 100 100
.\pos\8.jpg 1 0 0 100 100
.\pos\80.jpg 1 0 0 100 100
.\pos\81.jpg 1 0 0 100 100
.\pos\82.jpg 1 0 0 100 100
.\pos\83.jpg 1 0 0 100 100
.\pos\84.jpg 1 0 0 100 100
.\pos\85.jpg 1 0 0 100 100
.\pos\86.jpg 1 0 0 100 100
.\pos\87.jpg 1 0 0 100 100
.\pos\88.jpg 1 0 0 100 100
.\pos\89.jpg 1 0 0 100 100
.\pos\9.jpg 1 0 0 100 100
.\pos\90.jpg 1 0 0 100 100
.\pos\91.jpg 1 0 0 100 100
.\pos\92.jpg 1 0 0 100 100
.\pos\93.jpg 1 0 0 100 100
.\pos\94.jpg 1 0 0 100 100
.\pos\95.jpg 1 0 0 100 100
.\pos\96.jpg 1 0 0 100 100
.\pos\97.jpg 1 0 0 100 100
.\pos\98.jpg 1 0 0 100 100
.\pos\99.jpg 1 0 0 100 100
